2 0.395880 0.492183 0.139391 0.096813
2 0.107506 0.080577 0.094244 0.058930
2 0.496896 0.119363 0.238713 0.092002
2 0.793736 0.129284 0.145034 0.185207
2 0.743228 0.342453 0.065463 0.120866
2 0.830135 0.429645 0.129797 0.110042
2 0.859481 0.332231 0.089165 0.063139
2 0.757054 0.822910 0.068284 0.090800
2 0.099041 0.848166 0.089729 0.073963
2 0.421840 0.880938 0.126975 0.052916
2 0.110609 0.364702 0.139955 0.147324
2 0.715576 0.495490 0.081264 0.076969
2 0.842551 0.563440 0.088036 0.095009
2 0.131772 0.172880 0.123589 0.113650
2 0.939898 0.113951 0.108916 0.118461
2 0.791479 0.698437 0.059255 0.033073
2 0.827878 0.812989 0.054176 0.031269
2 0.880079 0.857186 0.088600 0.041491
